world: a4569ac4-b3ee-484e-b32c-47d529d49cb4
world-name: world
x: -1.7089625500570733
y: 15.0
z: -1.8581296295900862
yaw: -44.8646240234375
pitch: 11.500947952270508
name: corner_1
lastowner: 38c6f2fd-0ef8-42b5-9203-1b0bc4dee2ad
