world: a4569ac4-b3ee-484e-b32c-47d529d49cb4
world-name: world
x: -11.857052156783967
y: 24.0
z: -11.12334451564737
yaw: -44.966766357421875
pitch: 22.935649871826172
name: corner_1_back
lastowner: 38c6f2fd-0ef8-42b5-9203-1b0bc4dee2ad
