world: a4569ac4-b3ee-484e-b32c-47d529d49cb4
world-name: world
x: 75.5110515963791
y: 24.0
z: -11.561721163723872
yaw: 45.069515228271484
pitch: 23.55931282043457
name: corner_2_back
lastowner: 38c6f2fd-0ef8-42b5-9203-1b0bc4dee2ad
