world: a4569ac4-b3ee-484e-b32c-47d529d49cb4
world-name: world
x: 65.61475662351762
y: 15.0
z: 65.50710270591497
yaw: 135.00245666503906
pitch: 11.959990501403809
name: corner_3
lastowner: 38c6f2fd-0ef8-42b5-9203-1b0bc4dee2ad
