world: a4569ac4-b3ee-484e-b32c-47d529d49cb4
world-name: world
x: 65.90779453574402
y: 15.0
z: -1.391966935640233
yaw: 44.90439987182617
pitch: 10.646268844604492
name: corner_2
lastowner: 38c6f2fd-0ef8-42b5-9203-1b0bc4dee2ad
