world: a4569ac4-b3ee-484e-b32c-47d529d49cb4
world-name: world
x: 75.65792184899962
y: 24.0
z: 75.64327438004418
yaw: 135.07192993164062
pitch: 18.991811752319336
name: corner_3_back
lastowner: 38c6f2fd-0ef8-42b5-9203-1b0bc4dee2ad
