world: a4569ac4-b3ee-484e-b32c-47d529d49cb4
world-name: world
x: -1.8851152842007672
y: 15.0
z: 65.54331397931169
yaw: -135.1937255859375
pitch: 9.95585823059082
name: corner_4
lastowner: 38c6f2fd-0ef8-42b5-9203-1b0bc4dee2ad
