world: a4569ac4-b3ee-484e-b32c-47d529d49cb4
world-name: world
x: -11.62681118044116
y: 24.0
z: 75.50112422719238
yaw: -134.66552734375
pitch: 9.824365615844727
name: corner_4_back
lastowner: 38c6f2fd-0ef8-42b5-9203-1b0bc4dee2ad
