world: a4569ac4-b3ee-484e-b32c-47d529d49cb4
world-name: world
x: 31.911224161907555
y: 116.08698622642449
z: 38.105447601649395
yaw: -178.4662628173828
pitch: 87.66670989990234
name: top
lastowner: 38c6f2fd-0ef8-42b5-9203-1b0bc4dee2ad
